200 0.3646 5083
400 0.2834 11637
600 0.4524 18707
800 0.5468 25788
1000 0.1233 32644
1200 0.1502 40758
1400 0.1776 47881
1600 0.2102 55502
1800 0.2339 63103
2000 0.2666 69871
2200 0.3723 80690
2400 0.3660 87474
2600 0.3709 94962
2800 0.4240 102225
3000 1.626 109705
3200 0.8115 118249 
3400 0.6754 125808
3600 0.3922 133843
3800 0.3887 141573
4000 0.4107 148893
4200 0.4657 164318
4400 0.4677 170622
4600 0.4797 177972
4800 0.3332 185418
5000 0.3443 192701
5200 0.3617 201599
5400 0.3842 209115
5600 0.3936 216406
5800 0.4113 224915
6000 0.4237 232162
6200 0.4418 243664
6400 0.4530 250857
6600 0.466 258320 
6800 0.4802 266430
7000 0.4976 273710
7200 0.5142 283732
7400 0.5290 290789
7600 0.5463 299327
7800 0.5626 307148
8000 0.5762 315586
8200 0.6061 339629
8400 0.6428 346190
8600 0.6295 352929
8800 0.6489 360859
9000 0.6643 368157
9200 0.6878 375093
9400 0.6954 384324
9600 0.7036 391448
9800 0.7211 399552
10000 0.7327 407358
10200 0.8813 414756
10400 1.1234 426447
10600 1.3584 433030
10800 1.8164 441644
11000 0.8715 448911 
11200 1.6832 456248
11400 0.8945 465871 
11600 0.8977 472912
11800 0.9505 482068
12000 1.017 489669 
12200 0.9547 498347
12400 0.9749 513456
12600 0.9966 520972
12800 2.3860 528276
13000 2.0491 536117
13200 2.2871 544049
13400 1.6116 553257
13600 1.4740 561400
13800 1.6961 568680
14000 2.3888 577300
